Sudoku puzzle (1) or solution (2)? 
Enter Puzzle:
0 0 2 4 0 5 8 0 0 
0 4 1 8 0 0 0 2 0 
6 0 0 0 7 0 0 3 9 
2 0 0 0 3 0 0 9 6 
0 0 9 6 0 7 1 0 0 
1 7 0 0 5 0 0 0 3 
9 6 0 0 8 0 0 0 1 
0 2 0 0 0 9 5 6 0 
0 0 8 3 0 6 9 0 0 

[0][0]: 3, 7,
[0][1]: 3, 9,
[0][4]: 1, 6, 9,
[0][7]: 1, 7,
[0][8]: 7,
[1][0]: 5, 7,
[1][4]: 6,
[1][5]:
[1][6]: 6, 7,
[1][8]: 5, 7,
[2][1]: 1, 5,
[2][2]: 4, 5,
[2][3]: 1, 5,
[2][5]: 1, 4,
[2][6]: 4,
[3][1]: 5, 8,
[3][2]: 4, 5,
[3][3]: 1,
[3][5]: 1, 4, 8,
[3][6]: 4, 7,
[4][0]: 4, 5, 8,
[4][1]: 5, 8,
[4][4]: 2, 4,
[4][7]: 4, 5, 8,
[4][8]: 2, 4, 5, 8,
[5][2]: 4,
[5][3]: 2,
[5][5]: 2, 4, 8,
[5][6]: 2, 4,
[5][7]: 4, 8,
[6][2]: 3, 4, 5, 7,
[6][3]: 2, 5, 7,
[6][5]: 2, 4,
[6][6]: 2, 3, 4, 7,
[6][7]: 4, 7,
[7][0]: 3, 4, 7, 8,
[7][2]: 3, 4, 7,
[7][3]: 7,
[7][4]: 4,
[7][8]: 4, 7, 8,
[8][0]: 4, 7,
[8][1]:
[8][4]: 2, 4,
[8][7]: 4, 7,
[8][8]: 2, 4, 7,
